# round 0 arm row md5=eb46b511
# round 0 arm split md5=029a5128
# round 1 arm split md5=029a5128
# round 1 arm row md5=eb46b511
# round 2 arm row md5=eb46b511
# round 2 arm split md5=029a5128
#     row: md5 eb46b511  /tmp/gate_row/deep_select/deep_select_maca_xcore1000.so
#   split: md5 029a5128  /tmp/gate_split/deep_select/deep_select_maca_xcore1000.so

       V     k    b      row us   split us row/split

  262144   512    2        96.0       64.6     1.486
  262144   512    4        96.3       66.0     1.458
  262144   512    6        96.5       66.5     1.451
  262144   512    8        96.9       73.2     1.323
  262144   512   10        97.3       73.5     1.323
  262144   512   12        97.6       74.5     1.310
  262144   512   14        97.9       90.1     1.087
  262144   512   16        97.6       91.0     1.072
  262144   512   20        98.5       99.7     0.988
  262144   512   24        98.6      101.5     0.971
  262144   512   32        99.5      117.6     0.846
  262144  1024    2       112.3       81.2     1.383
  262144  1024    4       113.4       82.3     1.377
  262144  1024    6       114.2       83.4     1.368
  262144  1024    8       114.9       91.6     1.255
  262144  1024   10       115.0       92.0     1.249
  262144  1024   12       115.1       93.3     1.234
  262144  1024   14       116.0      111.4     1.041
  262144  1024   16       116.4      112.0     1.039
  262144  1024   20       117.1      123.0     0.952
  262144  1024   24       117.3      124.8     0.940
  262144  1024   32       118.5      141.7     0.836

  524288   512    6       158.3       81.1     1.951
  524288   512   10       158.0       94.4     1.675
  524288   512   14       158.8      119.8     1.326
  524288   512   18       159.3      122.2     1.304
  524288   512   22       160.2      136.7     1.172
  524288   512   26       159.5      139.2     1.146
  524288   512   30       159.3      162.6     0.980
  524288   512   36       160.7      179.7     0.894
  524288   512   44       161.8      204.0     0.793
  524288   512   56       162.5      244.5     0.665
  524288  1024    6       177.9       99.1     1.795
  524288  1024   10       178.6      114.2     1.564
  524288  1024   14       179.9      137.9     1.305
  524288  1024   18       181.0      141.2     1.282
  524288  1024   22       180.9      158.8     1.139
  524288  1024   26       180.8      162.0     1.116
  524288  1024   30       181.5      183.2     0.991
  524288  1024   36       182.5      204.4     0.893
  524288  1024   44       183.4      228.3     0.803
  524288  1024   56       185.3      271.2     0.683

 1048576   512   12       280.4      120.0     2.337
 1048576   512   20       281.6      181.1     1.555
 1048576   512   28       282.5      220.4     1.282
 1048576   512   36       283.1      247.2     1.145
 1048576   512   44       283.5      285.8     0.992
 1048576   512   52       286.1      313.5     0.912
 1048576   512   60       287.6      371.2     0.775
 1048576   512   64       287.9      374.8     0.768
 1048576  1024   12       301.8      156.2     1.933
 1048576  1024   20       303.4      226.9     1.337
 1048576  1024   28       303.9      269.3     1.129
 1048576  1024   36       305.7      307.3     0.995
 1048576  1024   44       306.5      345.8     0.886
 1048576  1024   52       308.4      385.1     0.801
 1048576  1024   60       310.1      454.3     0.683
 1048576  1024   64       310.6      460.2     0.675
