# the split/row crossing on C600U, every measured cell (ratio = row/split; >1.0 = the split wins)
# three rounds alternating in one session, seeds pinned, each route forced in its own tree

# round 0 arm row md5=3d39ef9b
# round 0 arm split md5=8497d4ce
# round 1 arm split md5=8497d4ce
# round 1 arm row md5=3d39ef9b
# round 2 arm row md5=3d39ef9b
# round 2 arm split md5=8497d4ce
#     row: md5 3d39ef9b
#   split: md5 8497d4ce

        V     k    b     row us   split us  row/split  route

   262144   512    2       60.6       38.7      1.565  split
   262144   512    4       60.7       48.3      1.258  split
   262144   512    6       61.3       54.8      1.120  split
   262144   512    8       61.7       68.8      0.897  split
   262144   512   10       61.8       78.4      0.789  split
   262144   512   12       62.2       86.1      0.722  split
   262144   512   16       62.4      109.5      0.570  split
   262144   512   20       62.9      126.7      0.497  split
   262144   512   24       62.8      148.7      0.422  split
   262144  1024    2       70.2       44.6      1.574  split
   262144  1024    4       73.5       55.6      1.323  split
   262144  1024    6       73.5       62.8      1.170  split
   262144  1024    8       73.7       78.4      0.941  split
   262144  1024   10       73.2       88.5      0.828  split
   262144  1024   12       74.3       97.2      0.764  split
   262144  1024   16       74.6      122.2      0.611  split
   262144  1024   20       75.3      140.6      0.536  split
   262144  1024   24       75.6      164.6      0.459  split

   524288   512    4       99.5       62.4      1.595  split
   524288   512    6      100.0       72.0      1.390  split
   524288   512    8      100.2       93.2      1.075  split
   524288   512   10      100.7      106.5      0.945  split
   524288   512   12      100.8      117.9      0.856  split
   524288   512   16      100.9      151.7      0.665  split
   524288   512   20      101.6      176.8      0.575  split
   524288   512   24      102.2      208.7      0.490  split
   524288   512   32      164.5      272.2      0.604  split
   524288  1024    4      112.6       69.0      1.630  split
   524288  1024    6      113.0       80.1      1.412  split
   524288  1024    8      114.2      102.7      1.113  split
   524288  1024   10      113.7      115.8      0.982  split
   524288  1024   12      114.8      128.6      0.892  split
   524288  1024   16      114.8      163.6      0.702  split
   524288  1024   20      115.9      190.0      0.610  split
   524288  1024   24      116.2      225.1      0.516  split
   524288  1024   32      184.7      293.9      0.628  split

  1048576   512    6      176.8       96.6      1.830  split
  1048576   512    8      177.6      128.7      1.379  split
  1048576   512   10      177.9      148.4      1.198  split
  1048576   512   12      178.4      164.1      1.087  split
  1048576   512   16      179.3      214.1      0.838  split
  1048576   512   20      180.6      250.0      0.723  split
  1048576   512   24      181.4      297.7      0.609  split
  1048576   512   32      298.2      387.3      0.770  split
  1048576   512   40      300.1      472.7      0.635  split
  1048576   512   48      302.6      557.9      0.542  split
  1048576  1024    6      191.1      115.4      1.656  split
  1048576  1024    8      191.0      151.3      1.262  split
  1048576  1024   10      191.7      173.0      1.108  split
  1048576  1024   12      192.1      193.6      0.992  split
  1048576  1024   16      193.0      250.6      0.770  split
  1048576  1024   20      194.7      292.8      0.665  split
  1048576  1024   24      195.8      349.3      0.560  split
  1048576  1024   32      319.8      458.3      0.698  split
  1048576  1024   40      322.1      557.7      0.577  split
  1048576  1024   48      324.1      655.3      0.495  split
